0 0
1 0
2 0
3 0
4 0
5 0
6 0
7 0
8 0
9 0
10 0
11 0
12 0
13 0
14 0
15 0
16 0
17 0
18 0
19 0
20 0
21 0
22 0
23 0
24 0
25 0
26 0
27 0
28 0
29 0
30 0
31 0
32 0
33 0
34 0
35 0
36 0
37 0
38 0
39 0
40 0
41 0
42 0
43 0
44 0
45 0
46 0
47 0
48 0
49 0
50 0
51 0
52 0
53 0
54 0
55 0
56 0
57 0
58 0
59 0
60 0
61 0
62 0
63 0
64 0
65 0
66 0
67 0
68 0
69 0
70 0
71 0
72 0
73 0
74 0
75 0
76 0
77 0
78 0
79 0
80 0
81 0
82 0
83 0
84 0
85 0
86 0
87 0
88 0
89 0
90 0
91 0
92 0
93 0
94 0
95 0
96 0
97 0
98 0
99 0
100 0
101 0
102 0
103 0
104 0
105 0
106 0
107 0
108 0
109 0
110 0
111 0
112 0
113 0
114 0
115 0
116 0
117 0
118 0
119 0
120 0
121 0
122 0
123 0
124 0
125 0
126 0
127 0
128 0
129 0
130 0
131 0
132 0
133 0
134 0
135 0
136 0
137 0
138 0
139 0
140 0
141 0
142 0
143 0
144 0
145 0
146 0
147 0
148 0
149 0
150 0
151 0
152 0
153 0
154 0
155 0
156 0
157 0
158 0
159 0
160 0
161 0
162 0
163 0
164 0
165 0
166 0
167 0
168 0
169 0
170 0
171 0
172 0
173 0
174 0
175 0
176 0
177 0
178 0
179 0
180 0
181 0
182 0
183 0
184 0
185 0
186 0
187 0
188 0
189 0
190 0
191 0
192 0
193 0
194 0
195 0
196 0
197 0
198 0
199 0
200 0
201 0
202 0
203 0
204 0
205 0
206 0
207 0
208 0
209 0
210 0
211 0
212 0
213 0
214 0
215 0
216 0
217 0
218 0
219 0
220 0
221 0
222 0
223 0
224 0
225 0
226 0
227 0
228 0
229 0
230 0
231 0
232 0
233 0
234 0
235 0
236 0
237 0
238 0
239 0
240 0
241 0
242 0
243 0
244 0
245 0
246 0
247 0
248 0
249 0
250 0
251 0
252 0
253 0
254 0
255 0
256 2.15
257 1.98681
258 2.01227
259 2.19694
260 2.32735
261 2.25274
262 2.05936
263 1.97076
264 2.08936
265 2.27806
266 2.31872
267 2.16434
268 1.99338
269 2.00347
270 2.18295
271 2.32433
272 2.26419
273 2.07204
274 1.97001
275 2.07605
276 2.26757
277 2.32318
278 2.17859
279 2.00095
280 1.99561
281 2.16874
282 2.32021
283 2.27491
284 2.08522
285 1.97041
286 2.06321
287 2.25634
288 2.32654
289 2.19266
290 2.00947
291 1.98873
292 2.15442
293 2.315
294 2.28484
295 2.09881
296 1.97195
297 2.05092
298 2.24443
299 2.32878
300 2.20646
301 2.01888
302 1.98287
303 2.14006
304 2.30875
305 2.29392
306 2.11272
307 1.97462
308 2.03926
309 2.23192
310 2.32988
311 2.2199
312 2.02912
313 1.97807
314 2.12578
315 2.30148
316 2.30207
317 2.12687
318 1.9784
319 2.0283
320 2.21888
321 2.32983
322 2.2329
323 2.04013
324 1.97437
325 2.11164
326 2.29325
327 2.30926
328 2.14117
329 1.98328
330 2.01812
331 2.20541
332 2.32865
333 2.24536
334 2.05184
335 1.97179
336 2.09775
337 2.28411
338 2.31544
339 2.15552
340 1.98922
341 2.00878
342 2.19159
343 2.32632
344 2.25723
345 2.06418
346 1.97034
347 2.08419
348 2.27412
349 2.32057
350 2.16984
351 1.99618
352 2.00034
353 2.1775
354 2.32288
355 2.26841
356 2.07706
357 1.97003
358 2.07105
359 2.26333
360 2.32461
361 2.18403
362 2.00412
363 1.99284
364 2.16324
365 2.31833
366 2.27883
367 2.0904
368 1.97087
369 2.05841
370 2.25183
371 2.32754
372 2.19801
373 2.01298
374 1.98635
375 2.1489
376 2.31272
377 2.28844
378 2.10412
379 1.97284
380 2.04635
381 2.23968
382 2.32934
383 2.21168
384 2.02272
385 1.9809
386 2.13456
387 2.30607
388 2.29717
389 2.11814
390 1.97594
391 2.03496
392 2.22696
393 2.33
394 2.22496
395 2.03327
396 1.97652
397 2.12032
398 2.29843
399 2.30496
400 2.13236
401 1.98015
402 2.02429
403 2.21375
404 2.32951
405 2.23776
406 2.04456
407 1.97325
408 2.10626
409 2.28984
410 2.31176
411 2.14669
412 1.98544
413 2.01443
414 2.20013
415 2.32789
416 2.25
417 2.05652
418 1.9711
419 2.09249
420 2.28036
421 2.31754
422 2.16104
423 1.99178
424 2.00542
425 2.1862
426 2.32513
427 2.26161
428 2.06907
429 1.97008
430 2.07908
431 2.27006
432 2.32225
433 2.17532
434 1.99912
435 1.99734
436 2.17203
437 2.32126
438 2.27251
439 2.08214
440 1.97022
441 2.06612
442 2.25899
443 2.32587
444 2.18944
445 2.00742
446 1.99022
447 2.15773
448 2.3163
449 2.28263
450 2.09564
451 1.97149
452 2.0537
453 2.24723
454 2.32836
455 2.20331
456 2.01663
457 1.98413
458 2.14337
459 2.31028
460 2.2919
461 2.10948
462 1.9739
463 2.04189
464 2.23485
465 2.32973
466 2.21684
467 2.02668
468 1.97908
469 2.12906
470 2.30324
471 2.30028
472 2.12359
473 1.97743
474 2.03077
475 2.22193
476 2.32995
477 2.22994
478 2.03753
479 1.97513
480 2.11488
481 2.29523
482 2.30769
483 2.13786
484 1.98206
485 2.0204
486 2.20856
487 2.32902
488 2.24254
489 2.04908
490 1.97229
491 2.10093
492 2.2863
493 2.31411
494 2.15221
495 1.98776
496 2.01086
497 2.19481
498 2.32696
499 2.25455
500 2.06128
501 1.97057
502 2.08728
503 2.2765
504 2.31948
505 2.16654
506 1.99448
507 2.0022
508 2.18077
509 2.32377
510 2.26589
511 2.07404
512 1.97
513 0
514 0
515 0
516 0
517 0
518 0
519 0
520 0
521 0
522 0
523 0
524 0
525 0
526 0
527 0
528 0
529 0
530 0
531 0
532 0
533 0
534 0
535 0
536 0
537 0
538 0
539 0
540 0
541 0
542 0
543 0
544 0
545 0
546 0
547 0
548 0
549 0
550 0
551 0
552 0
553 0
554 0
555 0
556 0
557 0
558 0
559 0
560 0
561 0
562 0
563 0
564 0
565 0
566 0
567 0
568 0
569 0
570 0
571 0
572 0
573 0
574 0
575 0
576 0
577 0
578 0
579 0
580 0
581 0
582 0
583 0
584 0
585 0
586 0
587 0
588 0
589 0
590 0
591 0
592 0
593 0
594 0
595 0
596 0
597 0
598 0
599 0
600 0
601 0
602 0
603 0
604 0
605 0
606 0
607 0
608 0
609 0
610 0
611 0
612 0
613 0
614 0
615 0
616 0
617 0
618 0
619 0
620 0
621 0
622 0
623 0
624 0
625 0
626 0
627 0
628 0
629 0
630 0
631 0
632 0
633 0
634 0
635 0
636 0
637 0
638 0
639 0
640 0
641 0
642 0
643 0
644 0
645 0
646 0
647 0
648 0
649 0
650 0
651 0
652 0
653 0
654 0
655 0
656 0
657 0
658 0
659 0
660 0
661 0
662 0
663 0
664 0
665 0
666 0
667 0
668 0
669 0
670 0
671 0
672 0
673 0
674 0
675 0
676 0
677 0
678 0
679 0
680 0
681 0
682 0
683 0
684 0
685 0
686 0
687 0
688 0
689 0
690 0
691 0
692 0
693 0
694 0
695 0
696 0
697 0
698 0
699 0
700 0
701 0
702 0
703 0
704 0
705 0
706 0
707 0
708 0
709 0
710 0
711 0
712 0
713 0
714 0
715 0
716 0
717 0
718 0
719 0
720 0
721 0
722 0
723 0
724 0
725 0
726 0
727 0
728 0
729 0
730 0
731 0
732 0
733 0
734 0
735 0
736 0
737 0
738 0
739 0
740 0
741 0
742 0
743 0
744 0
745 0
746 0
747 0
748 0
749 0
750 0
751 0
752 0
753 0
754 0
755 0
756 0
757 0
758 0
759 0
760 0
761 0
762 0
763 0
764 0
765 0
766 0
767 0
768 0
769 2.31319
770 2.28773
771 2.10306
772 1.97265
773 2.04726
774 2.24064
775 2.32924
776 2.21064
777 2.02194
778 1.98128
779 2.13566
780 2.30662
781 2.29653
782 2.11705
783 1.97567
784 2.03581
785 2.22796
786 2.32999
787 2.22395
788 2.03243
789 1.97682
790 2.12141
791 2.29905
792 2.30439
793 2.13126
794 1.97979
795 2.02509
796 2.21478
797 2.32959
798 2.23679
799 2.04366
800 1.97346
801 2.10734
802 2.29053
803 2.31127
804 2.14558
805 1.985
806 2.01516
807 2.20119
808 2.32805
809 2.24908
810 2.05557
811 1.97122
812 2.09354
813 2.28112
814 2.31713
815 2.15994
816 1.99125
817 2.00608
818 2.18728
819 2.32538
820 2.26074
821 2.06808
822 1.97012
823 2.0801
824 2.27088
825 2.32193
826 2.17422
827 1.99852
828 1.99793
829 2.17313
830 2.3216
831 2.2717
832 2.08112
833 1.97017
834 2.0671
835 2.25987
836 2.32563
837 2.18836
838 2.00675
839 1.99074
840 2.15883
841 2.31672
842 2.28188
843 2.09459
844 1.97135
845 2.05464
846 2.24816
847 2.32821
848 2.20225
849 2.01589
850 1.98456
851 2.14448
852 2.31078
853 2.29122
854 2.10841
855 1.97368
856 2.04277
857 2.23582
858 2.32966
859 2.21581
860 2.02588
861 1.97943
862 2.13016
863 2.30382
864 2.29966
865 2.1225
866 1.97712
867 2.03159
868 2.22294
869 2.32997
870 2.22895
871 2.03667
872 1.97539
873 2.11597
874 2.29588
875 2.30716
876 2.13676
877 1.98167
878 2.02117
879 2.2096
880 2.32913
881 2.24159
882 2.04817
883 1.97246
884 2.10199
885 2.28702
886 2.31365
887 2.1511
888 1.98728
889 2.01156
890 2.19588
891 2.32716
892 2.25365
893 2.06032
894 1.97066
895 2.08832
896 2.27728
897 2.3191
898 2.16544
899 1.99393
900 2.00283
901 2.18186
902 2.32406
903 2.26504
904 2.07304
905 1.97
906 2.07504
907 2.26673
908 2.32348
909 2.17968
910 2.00157
911 1.99504
912 2.16764
913 2.31985
914 2.27571
915 2.08625
916 1.97049
917 2.06224
918 2.25544
919 2.32675
920 2.19374
921 2.01016
922 1.98824
923 2.15331
924 2.31456
925 2.28557
926 2.09987
927 1.97211
928 2.05
929 2.24348
930 2.3289
931 2.20751
932 2.01964
933 1.98246
934 2.13896
935 2.30822
936 2.29458
937 2.1138
938 1.97487
939 2.03839
940 2.23093
941 2.32992
942 2.22092
943 2.02994
944 1.97775
945 2.12468
946 2.30088
947 2.30266
948 2.12797
949 1.97874
950 2.02749
951 2.21786
952 2.32978
953 2.23388
954 2.04101
955 1.97413
956 2.11056
957 2.29258
958 2.30978
959 2.14227
960 1.9837
961 2.01737
962 2.20436
963 2.32851
964 2.2463
965 2.05277
966 1.97164
967 2.09669
968 2.28337
969 2.31587
970 2.15663
971 1.98972
972 2.0081
973 2.19052
974 2.3261
975 2.25811
976 2.06515
977 1.97027
978 2.08316
979 2.27332
980 2.32092
981 2.17094
982 1.99676
983 1.99972
984 2.17641
985 2.32257
986 2.26923
987 2.07807
988 1.97005
989 2.07006
990 2.26247
991 2.32487
992 2.18512
993 2.00477
994 1.99231
995 2.16214
996 2.31794
997 2.2796
998 2.09144
999 1.97098
1000 2.05746
1001 2.25092
1002 2.32771
1003 2.19907
1004 2.0137
1005 1.98589
1006 2.14779
1007 2.31224
1008 2.28914
1009 2.10519
1010 1.97304
1011 2.04545
1012 2.23872
1013 2.32943
1014 2.21272
1015 2.0235
1016 1.98052
1017 2.13346
1018 2.30552
1019 2.2978
1020 2.11923
1021 1.97623
1022 2.03411
1023 2.22596
