0 1.70028 1.52028
1 1.57747 1.50151
2 1.36662 1.48251
3 1.28952 1.46329
4 1.41308 1.44385
5 1.57199 1.42419
6 1.55984 1.40432
7 1.36769 1.38424
8 1.19447 1.36395
9 1.21695 1.34345
10 1.38546 1.32275
11 1.48128 1.30185
12 1.36948 1.28075
13 1.15492 1.25947
14 1.06103 1.23799
15 1.17152 1.21632
16 1.33362 1.19448
17 1.33469 1.17245
18 1.14804 1.15024
19 0.963761 1.12787
20 0.969023 1.10532
21 1.13168 1.08261
22 1.23745 1.05973
23 1.13761 1.0367
24 0.920964 1.0135
25 0.811137 0.990158
26 0.908109 0.966664
27 1.07263 0.943025
28 1.08718 0.919243
29 0.907463 0.895324
30 0.713576 0.871269
31 0.70185 0.847083
32 0.857886 0.822769
33 0.973203 0.798332
34 0.886249 0.773774
35 0.669158 0.7491
36 0.544367 0.724313
37 0.627485 0.699417
38 0.793651 0.674416
39 0.821879 0.649313
40 0.650524 0.624112
41 0.448542 0.598817
42 0.420188 0.573432
43 0.568899 0.547961
44 0.693322 0.522407
45 0.62009 0.496775
46 0.404231 0.471068
47 0.265564 0.445289
48 0.334593 0.419444
49 0.501647 0.393536
50 0.543665 0.367568
51 0.38206 0.341545
52 0.173568 0.315471
53 0.129068 0.289349
54 0.269808 0.263183
55 0.40285 0.236978
56 0.344108 0.210737
57 0.131157 0.184464
58 -0.0201987 0.158164
59 0.0346087 0.13184
60 0.201795 0.105495
61 0.257643 0.0791355
62 0.107125 0.0527636
63 -0.106243 0.0263838
64 -0.166298 2.27718e-15
65 -0.0341127 -0.0263838
66 0.107011 -0.0527636
67 0.0634437 -0.0791355
68 -0.144934 -0.105495
69 -0.307705 -0.13184
70 -0.267156 -0.158164
71 -0.100588 -0.184464
72 -0.0309537 -0.210737
73 -0.169116 -0.236978
74 -0.385691 -0.263183
75 -0.460607 -0.289349
76 -0.337504 -0.315471
77 -0.188883 -0.341545
78 -0.216688 -0.367568
79 -0.418854 -0.393536
80 -0.591693 -0.419444
81 -0.565349 -0.445289
82 -0.400149 -0.471068
83 -0.31686 -0.496775
84 -0.441477 -0.522407
85 -0.659571 -0.547961
86 -0.748562 -0.573432
87 -0.635016 -0.598817
88 -0.479535 -0.624112
89 -0.491091 -0.649313
90 -0.685453 -0.674416
91 -0.866955 -0.699417
92 -0.854678 -0.724313
93 -0.69159 -0.7491
94 -0.594871 -0.773774
95 -0.704848 -0.798332
96 -0.922772 -0.822769
97 -1.02497 -0.847083
98 -0.921402 -0.871269
99 -0.75975 -0.895324
100 -0.754686 -0.919243
101 -0.939712 -0.943025
102 -1.12843 -0.966664
103 -1.13 -0.990158
104 -0.969767 -1.0135
105 -0.859942 -1.0367
106 -0.954287 -1.05973
107 -1.17037 -1.08261
108 -1.28483 -1.10532
109 -1.19162 -1.12787
110 -1.02454 -1.15024
111 -1.0026 -1.17245
112 -1.17683 -1.19448
113 -1.37128 -1.21632
114 -1.38641 -1.23799
115 -1.22978 -1.25947
116 -1.10727 -1.28075
117 -1.18512 -1.30185
118 -1.39771 -1.32275
119 -1.52344 -1.34345
120 -1.44091 -1.36395
121 -1.2692 -1.38424
122 -1.23027 -1.40432
123 -1.39233 -1.42419
124 -1.59102 -1.44385
125 -1.61936 -1.46329
126 -1.46707 -1.48251
127 -1.33241 -1.50151
128 -1.393 -1.52028
129 -1.6005 -1.53882
130 -1.73647 -1.55713
131 -1.66489 -1.57521
132 -1.4894 -1.59304
133 -1.43349 -1.61064
134 -1.58212 -1.628
135 -1.78355 -1.64511
136 -1.82469 -1.66197
137 -1.67748 -1.67859
138 -1.53129 -1.69494
139 -1.57403 -1.71105
140 -1.7749 -1.7269
141 -1.92002 -1.74248
142 -1.85964 -1.75781
143 -1.68128 -1.77287
144 -1.60853 -1.78766
145 -1.74258 -1.80218
146 -1.94527 -1.81644
147 -1.99875 -1.83041
148 -1.85736 -1.84412
149 -1.70038 -1.85754
150 -1.7248 -1.87069
151 -1.91758 -1.88355
152 -2.07074 -1.89613
153 -2.02176 -1.90843
154 -1.84148 -1.92043
155 -1.75218 -1.93215
156 -1.87063 -1.94358
157 -2.07312 -1.95471
158 -2.13843 -1.96555
159 -2.0036 -1.97609
160 -1.83668 -1.98634
161 -1.84247 -1.99629
162 -2.02577 -2.00593
163 -2.18584 -2.01528
164 -2.14844 -2.02432
165 -1.96725 -2.03306
166 -1.86182 -2.04149
167 -1.96378 -2.04961
168 -2.16465 -2.05742
169 -2.24125 -2.06493
170 -2.11371 -2.07212
171 -1.93778 -2.079
172 -1.92479 -2.08557
173 -2.09734 -2.09182
174 -2.2632 -2.09776
175 -2.23749 -2.10338
176 -2.05644 -2.10869
177 -1.93547 -2.11368
178 -2.02019 -2.11835
179 -2.21806 -2.1227
180 -2.30538 -2.12673
181 -2.18585 -2.13044
182 -2.00195 -2.13383
183 -1.97018 -2.1369
184 -2.13081 -2.13965
185 -2.30134 -2.14207
186 -2.28743 -2.14417
187 -2.10759 -2.14595
188 -1.97178 -2.14741
189 -2.03867 -2.14854
190 -2.23225 -2.14935
191 -2.32967 -2.14984
192 -2.21888 -2.15
193 -2.02814 -2.14984
194 -1.97776 -2.14935
195 -2.12541 -2.14854
196 -2.29948 -2.14741
197 -2.29743 -2.14595
198 -2.11995 -2.14417
199 -1.97015 -2.14207
200 -2.01877 -2.13965
201 -2.2068 -2.1369
202 -2.31371 -2.13383
203 -2.21236 -2.13044
204 -2.01599 -2.12673
205 -1.94732 -2.1227
206 -2.08107 -2.11835
207 -2.25759 -2.11368
208 -2.26743 -2.10869
209 -2.09345 -2.10338
210 -1.93063 -2.09776
211 -1.9607 -2.09182
212 -2.14203 -2.08557
213 -2.25778 -2.079
214 -2.16654 -2.07212
215 -1.96584 -2.06493
216 -1.87937 -2.05742
217 -1.99841 -2.04961
218 -2.17633 -2.04149
219 -2.19806 -2.03306
220 -2.02874 -2.02432
221 -1.854 -2.01528
222 -1.8654 -2.00593
223 -2.03895 -1.99629
224 -2.16288 -1.98634
225 -2.08243 -1.97609
226 -1.87876 -1.96555
227 -1.77512 -1.95471
228 -1.8788 -1.94358
229 -2.05706 -1.93215
230 -2.09064 -1.92043
231 -1.92717 -1.90843
232 -1.74174 -1.89613
233 -1.7345 -1.88355
234 -1.89928 -1.87069
235 -2.03072 -1.85754
236 -1.96169 -1.84412
237 -1.75646 -1.83041
238 -1.63645 -1.81644
239 -1.72423 -1.80218
240 -1.90185 -1.78766
241 -1.9472 -1.77287
242 -1.79075 -1.75781
243 -1.59596 -1.74248
244 -1.57028 -1.7269
245 -1.72539 -1.71105
246 -1.86367 -1.69494
247 -1.80664 -1.67859
248 -1.60133 -1.66197
249 -1.46587 -1.64511
250 -1.53736 -1.628
251 -1.71338 -1.61064
252 -1.77039 -1.59304
253 -1.62215 -1.57521
254 -1.4194 -1.55713
255 -1.37563 -1.53882
256 -1.52028 -1.52028
257 -1.6647 -1.50151
258 -1.62024 -1.48251
259 -1.41635 -1.46329
260 -1.2665 -1.44385
261 -1.32145 -1.42419
262 -1.49496 -1.40432
263 -1.56348 -1.38424
264 -1.42459 -1.36395
265 -1.21539 -1.34345
266 -1.15403 -1.32275
267 -1.28751 -1.30185
268 -1.43737 -1.28075
269 -1.40599 -1.25947
270 -1.20504 -1.23799
271 -1.04199 -1.21632
272 -1.08029 -1.19448
273 -1.25041 -1.17245
274 -1.33023 -1.15024
275 -1.20182 -1.12787
276 -0.98775 -1.10532
277 -0.909426 -1.08261
278 -1.03114 -1.05973
279 -1.18574 -1.0367
280 -1.16789 -1.0135
281 -0.971416 -0.990158
282 -0.796455 -0.966664
283 -0.81811 -0.943025
284 -0.984025 -0.919243
285 -1.07491 -0.895324
286 -0.958062 -0.871269
287 -0.740746 -0.847083
288 -0.646228 -0.822769
289 -0.755668 -0.798332
290 -0.914307 -0.773774
291 -0.910374 -0.7491
292 -0.719896 -0.724313
293 -0.534415 -0.699417
294 -0.539571 -0.674416
295 -0.700506 -0.649313
296 -0.802164 -0.624112
297 -0.6979 -0.598817
298 -0.479006 -0.573432
299 -0.369183 -0.547961
300 -0.465945 -0.522407
301 -0.627899 -0.496775
302 -0.638199 -0.471068
303 -0.455225 -0.445289
304 -0.260698 -0.419444
305 -0.249619 -0.393536
306 -0.404848 -0.367568
307 -0.516926 -0.341545
308 -0.426212 -0.315471
309 -0.207433 -0.289349
310 -0.0833049 -0.263183
311 -0.167076 -0.236978
312 -0.331617 -0.210737
313 -0.35639 -0.184464
314 -0.182388 -0.158164
315 0.0196403 -0.13184
316 0.0465781 -0.105495
317 -0.102265 -0.0791355
318 -0.224359 -0.0527636
319 -0.14808 -0.0263838
320 0.068883 3.84826e-15
321 0.206218 0.0263838
322 0.135661 0.0527636
323 -0.0307334 0.0791355
324 -0.0701309 0.105495
325 0.0934797 0.13184
326 0.301414 0.158164
327 0.343728 0.184464
328 0.201905 0.210737
329 0.0702599 0.236978
330 0.131305 0.263183
331 0.344761 0.289349
332 0.494117 0.315471
333 0.43691 0.341545
334 0.26941 0.367568
335 0.215325 0.393536
336 0.367193 0.419444
337 0.5794 0.445289
338 0.636508 0.471068
339 0.502296 0.496775
340 0.361627 0.522407
341 0.406741 0.547961
342 0.615023 0.573432
343 0.77514 0.598817
344 0.731338 0.624112
345 0.563489 0.649313
346 0.494754 0.674416
347 0.633607 0.699417
348 0.84843 0.724313
349 0.919666 0.7491
350 0.793614 0.773774
351 0.644512 0.798332
352 0.673105 0.822769
353 0.874586 0.847083
354 1.04415 0.871269
355 1.01373 0.895324
356 0.8463 0.919243
357 0.763055 0.943025
358 0.887713 0.966664
359 1.10349 0.990158
360 1.18811 1.0135
361 1.07073 1.0367
362 0.913849 1.05973
363 0.92545 1.08261
364 1.11856 1.10532
365 1.2962 1.12787
366 1.27908 1.15024
367 1.11285 1.17245
368 1.01534 1.19448
369 1.12473 1.21632
370 1.33982 1.23799
371 1.437 1.25947
372 1.32876 1.28075
373 1.16483 1.30185
374 1.1591 1.32275
375 1.34234 1.34345
376 1.52666 1.36395
377 1.52268 1.38424
378 1.35845 1.40432
379 1.24704 1.42419
380 1.34021 1.44385
381 1.55297 1.46329
382 1.66185 1.48251
383 1.56319 1.50151
384 1.393 1.52028
385 1.36972 1.53882
386 1.54169 1.55713
387 1.73128 1.57521
388 1.74021 1.59304
389 1.57878 1.61064
390 1.45394 1.628
391 1.53007 1.64511
392 1.73893 1.66197
393 1.85858 1.67859
394 1.7699 1.69494
395 1.59432 1.71105
396 1.55342 1.7269
397 1.7128 1.74248
398 1.90623 1.75781
399 1.92782 1.77287
400 1.77002 1.78766
401 1.63234 1.80218
402 1.69073 1.81644
403 1.89416 1.83041
404 2.02363 1.84412
405 1.9453 1.85754
406 1.76524 1.87069
407 1.7068 1.88355
408 1.85239 1.89613
409 2.04827 1.90843
410 2.08219 1.92043
411 1.92884 1.93215
412 1.77902 1.94358
413 1.81914 1.95471
414 2.01568 1.96555
415 2.15398 1.97609
416 2.08634 1.98634
417 1.9028 1.99629
418 1.82703 2.00593
419 1.95777 2.01528
420 2.15468 2.02432
421 2.20059 2.03306
422 2.05252 2.04149
423 1.89139 2.04961
424 1.91284 2.05742
425 2.10112 2.06493
426 2.24725 2.07212
427 2.19061 2.079
428 2.00464 2.08557
429 1.91191 2.09182
430 2.02684 2.09776
431 2.22344 2.10338
432 2.28094 2.10869
433 2.139 2.11368
434 1.96747 2.11835
435 1.97004 2.1227
436 2.14876 2.12673
437 2.3017 2.13044
438 2.25634 2.13383
439 2.06904 2.1369
440 1.95986 2.13965
441 2.0582 2.14207
442 2.25317 2.14417
443 2.32182 2.14595
444 2.18685 2.14741
445 2.00596 2.14854
446 1.98958 2.14935
447 2.15757 2.14984
448 2.3163 2.15
449 2.28247 2.14984
450 2.09499 2.14935
451 1.97004 2.14854
452 2.05111 2.14741
453 2.24318 2.14595
454 2.32254 2.14417
455 2.19538 2.14207
456 2.00628 2.13965
457 1.97103 2.1369
458 2.12721 2.13383
459 2.29072 2.13044
460 2.26863 2.12673
461 2.08218 2.1227
462 1.94225 2.11835
463 2.00557 2.11368
464 2.19354 2.10869
465 2.28311 2.10338
466 2.1646 2.09776
467 1.96851 2.09182
468 1.91465 2.08557
469 2.05806 2.079
470 2.22536 2.07212
471 2.2152 2.06493
472 2.03101 2.05742
473 1.87704 2.04961
474 1.92225 2.04149
475 2.10499 2.03306
476 2.20427 2.02432
477 2.09522 2.01528
478 1.89346 2.00593
479 1.82142 1.99629
480 1.95122 1.98634
481 2.12133 1.97609
482 2.12324 1.96555
483 1.94257 1.95471
484 1.77564 1.94358
485 1.80255 1.93215
486 1.97899 1.92043
487 2.08745 1.90843
488 1.98867 1.89613
489 1.78263 1.88355
490 1.69297 1.87069
491 1.80847 1.85754
492 1.98041 1.84412
493 1.99452 1.83041
494 1.81864 1.81644
495 1.63994 1.80218
496 1.64852 1.78766
497 1.81767 1.77287
498 1.93477 1.75781
499 1.84703 1.74248
500 1.63817 1.7269
501 1.53162 1.71105
502 1.63223 1.69494
503 1.80508 1.67859
504 1.83145 1.66197
505 1.66165 1.64511
506 1.47248 1.628
507 1.46284 1.61064
508 1.62382 1.59304
509 1.74898 1.57521
510 1.67302 1.55713
511 1.46286 1.53882
512 1.34028 1.52028
513 1.42555 1.50151
514 1.5984 1.48251
515 1.63706 1.46329
516 1.47462 1.44385
517 1.2764 1.42419
518 1.24881 1.40432
519 1.40078 1.38424
520 1.53342 1.36395
521 1.46994 1.34345
522 1.26003 1.32275
523 1.12242 1.30185
524 1.19203 1.28075
525 1.36401 1.25947
526 1.41495 1.23799
527 1.26113 1.21632
528 1.05533 1.19448
529 1.01021 1.17245
530 1.15245 1.15024
531 1.29197 1.12787
532 1.24162 1.10532
533 1.03354 1.08261
534 0.882017 1.05973
535 0.935776 1.0367
536 1.10604 1.0135
537 1.16918 0.990158
538 1.02522 0.966664
539 0.813424 0.943025
540 0.751305 0.919243
541 0.883184 0.895324
542 1.02896 0.871269
543 0.992315 0.847083
544 0.787653 0.822769
545 0.623461 0.798332
546 0.6613 0.773774
547 0.829042 0.7491
548 0.904259 0.724313
549 0.771349 0.699417
550 0.555181 0.674416
551 0.476746 0.649313
552 0.597701 0.624112
553 0.749093 0.598817
554 0.726676 0.573432
555 0.527024 0.547961
556 0.351492 0.522407
557 0.37346 0.496775
558 0.537905 0.471068
559 0.625015 0.445289
560 0.504296 0.419444
561 0.285425 0.393536
562 0.191471 0.367568
563 0.30103 0.341545
564 0.457373 0.315471
565 0.449629 0.289349
566 0.256558 0.263183
567 0.0711052 0.236978
568 0.0773656 0.210737
569 0.237771 0.184464
570 0.336526 0.158164
571 0.22907 0.13184
572 0.00919593 0.105495
573 -0.0993722 0.0791355
574 -0.00159743 0.0527636
575 0.159011 0.0263838
576 0.166298 -2.09667e-16
577 -0.0186549 -0.0263838
578 -0.212539 -0.0527636
579 -0.221715 -0.0791355
580 -0.0660573 -0.105495
581 0.0440255 -0.13184
582 -0.0491718 -0.158164
583 -0.26834 -0.184464
584 -0.39052 -0.210737
585 -0.304839 -0.236978
586 -0.140675 -0.263183
587 -0.11809 -0.289349
588 -0.293437 -0.315471
589 -0.494207 -0.341545
590 -0.518449 -0.367568
591 -0.368217 -0.393536
592 -0.247195 -0.419444
593 -0.325229 -0.445289
594 -0.541986 -0.471068
595 -0.67669 -0.496775
596 -0.603337 -0.522407
597 -0.436351 -0.547961
598 -0.398303 -0.573432
599 -0.562618 -0.598817
600 -0.768689 -0.624112
601 -0.807535 -0.649313
602 -0.663378 -0.674416
603 -0.531879 -0.699417
604 -0.593949 -0.724313
605 -0.806611 -0.7491
606 -0.952678 -0.773774
607 -0.891816 -0.798332
608 -0.722767 -0.822769
609 -0.669197 -0.847083
610 -0.821135 -0.871269
611 -1.0309 -0.895324
612 -1.0838 -0.919243
613 -0.946338 -0.943025
614 -0.804903 -0.966664
615 -0.850318 -0.990158
616 -1.05724 -1.0135
617 -1.21345 -1.0367
618 -1.16517 -1.05973
619 -0.994848 -1.08261
620 -0.925809 -1.10532
621 -1.06412 -1.12787
622 -1.27595 -1.15024
623 -1.3423 -1.17245
624 -1.21212 -1.19448
625 -1.06137 -1.21632
626 -1.08956 -1.23799
627 -1.28915 -1.25947
628 -1.45423 -1.28075
629 -1.41858 -1.30185
630 -1.24779 -1.32275
631 -1.16345 -1.34345
632 -1.28699 -1.36395
633 -1.49928 -1.38424
634 -1.57838 -1.40432
635 -1.45605 -1.42419
636 -1.29669 -1.44385
637 -1.30722 -1.46329
638 -1.49796 -1.48251
639 -1.67061 -1.50151
640 -1.64756 -1.52028
641 -1.47714 -1.53882
642 -1.37779 -1.55713
643 -1.48553 -1.57521
644 -1.69669 -1.59304
645 -1.7878 -1.61064
646 -1.67387 -1.628
647 -1.50667 -1.64511
648 -1.49925 -1.66197
649 -1.67969 -1.67859
650 -1.8586 -1.69494
651 -1.84807 -1.71105
652 -1.67889 -1.7269
653 -1.56495 -1.74248
654 -1.65598 -1.75781
655 -1.86446 -1.77287
656 -1.96679 -1.78766
657 -1.86178 -1.80218
658 -1.6876 -1.81644
659 -1.66208 -1.83041
660 -1.83087 -1.84412
661 -2.0147 -1.85754
662 -2.01657 -1.87069
663 -1.84952 -1.88355
664 -1.72153 -1.89613
665 -1.79509 -1.90843
666 -1.99938 -1.92043
667 -2.11212 -1.93215
668 -2.01652 -1.94358
669 -1.83631 -1.95471
670 -1.79267 -1.96555
671 -1.94859 -1.97609
672 -2.13601 -1.98634
673 -2.15011 -1.99629
674 -1.98609 -2.00593
675 -1.84471 -2.01528
676 -1.9002 -2.02432
677 -2.09887 -2.03306
678 -2.22115 -2.04149
679 -2.13543 -2.04961
680 -1.9502 -2.05742
681 -1.8886 -2.06493
682 -2.03053 -2.07212
683 -2.22022 -2.079
684 -2.24635 -2.08557
685 -2.0863 -2.09182
686 -1.93232 -2.09776
687 -1.96927 -2.10338
688 -2.16094 -2.10869
689 -2.29189 -2.11368
690 -2.21651 -2.11835
691 -2.02733 -2.1227
692 -1.94808 -2.12673
693 -2.07503 -2.13044
694 -2.26571 -2.13383
695 -2.30362 -2.1369
696 -2.14848 -2.13965
697 -1.98281 -2.14207
698 -2.00092 -2.14417
699 -2.18431 -2.14595
700 -2.32304 -2.14741
701 -2.25841 -2.14854
702 -2.06646 -2.14935
703 -1.97 -2.14984
704 -2.08112 -2.15
705 -2.27153 -2.14984
706 -2.32095 -2.14935
707 -2.17167 -2.14854
708 -1.99534 -2.14741
709 -1.99447 -2.14595
710 -2.1684 -2.14417
711 -2.314 -2.14207
712 -2.26053 -2.13965
713 -2.067 -2.1369
714 -1.95395 -2.13383
715 -2.04853 -2.13044
716 -2.23747 -2.12673
717 -2.29808 -2.1227
718 -2.15563 -2.11835
719 -1.96976 -2.11368
720 -1.94994 -2.10869
721 -2.11332 -2.10338
722 -2.26489 -2.09776
723 -2.22294 -2.09182
724 -2.0291 -2.08557
725 -1.90022 -2.079
726 -1.97769 -2.07212
727 -2.16401 -2.06493
728 -2.23547 -2.05742
729 -2.1008 -2.04961
730 -1.90664 -2.04149
731 -1.86805 -2.03306
732 -2.0199 -2.02432
733 -2.17655 -2.01528
734 -2.14647 -2.00593
735 -1.95362 -1.99629
736 -1.8098 -1.98634
737 -1.86976 -1.97609
738 -2.05234 -1.96555
739 -2.1343 -1.95471
740 -2.00836 -1.94358
741 -1.80724 -1.93215
742 -1.75022 -1.92043
743 -1.88968 -1.90843
744 -2.05052 -1.89613
745 -2.0326 -1.88355
746 -1.84209 -1.87069
747 -1.68436 -1.85754
748 -1.72655 -1.84412
749 -1.90437 -1.83041
750 -1.99642 -1.81644
751 -1.88014 -1.80218
752 -1.67347 -1.78766
753 -1.59853 -1.77287
754 -1.72486 -1.75781
755 -1.88901 -1.74248
756 -1.88351 -1.7269
757 -1.69671 -1.71105
758 -1.52622 -1.69494
759 -1.55053 -1.67859
760 -1.72261 -1.66197
761 -1.82435 -1.64511
762 -1.71864 -1.628
763 -1.5079 -1.61064
764 -1.41569 -1.59304
765 -1.52826 -1.57521
766 -1.69486 -1.55713
767 -1.70201 -1.53882
768 -1.52028 -1.52028
769 -1.33832 -1.50151
770 -1.34478 -1.48251
771 -1.51024 -1.46329
772 -1.6212 -1.44385
773 -1.52693 -1.42419
774 -1.31368 -1.40432
775 -1.205 -1.38424
776 -1.30331 -1.36395
777 -1.47151 -1.34345
778 -1.49147 -1.32275
779 -1.31619 -1.30185
780 -1.12414 -1.28075
781 -1.11294 -1.25947
782 -1.27093 -1.23799
783 -1.39066 -1.21632
784 -1.30867 -1.19448
785 -1.09449 -1.17245
786 -0.970258 -1.15024
787 -1.05392 -1.12787
788 -1.22289 -1.10532
789 -1.25579 -1.08261
790 -1.08833 -1.05973
791 -0.887647 -1.0367
792 -0.859112 -1.0135
793 -1.0089 -0.990158
794 -1.13687 -0.966664
795 -1.06794 -0.943025
796 -0.854462 -0.919243
797 -0.715733 -0.895324
798 -0.784476 -0.871269
799 -0.95342 -0.847083
800 -0.999311 -0.822769
801 -0.840996 -0.798332
802 -0.633242 -0.773774
803 -0.587826 -0.7491
804 -0.728731 -0.724313
805 -0.864419 -0.699417
806 -0.80926 -0.674416
807 -0.598119 -0.649313
808 -0.44606 -0.624112
809 -0.499735 -0.598817
810 -0.667859 -0.573432
811 -0.726739 -0.547961
812 -0.57887 -0.522407
813 -0.365651 -0.496775
814 -0.303937 -0.471068
815 -0.435354 -0.445289
816 -0.57819 -0.419444
817 -0.537452 -0.393536
818 -0.330288 -0.367568
819 -0.166164 -0.341545
820 -0.204729 -0.315471
821 -0.371264 -0.289349
822 -0.443061 -0.263183
823 -0.30688 -0.236978
824 -0.0898562 -0.210737
825 -0.0125388 -0.184464
826 -0.133939 -0.158164
827 -0.283319 -0.13184
828 -0.257569 -0.105495
829 -0.0560059 -0.0791355
830 0.118831 -0.0527636
831 0.0953129 -0.0263838
832 -0.068883 -4.29289e-15
833 -0.15345 0.0263838
834 -0.0301333 0.0527636
835 0.189004 0.0791355
836 0.281122 0.105495
837 0.170199 0.13184
838 0.0149132 0.158164
839 0.0252007 0.184464
840 0.219569 0.210737
841 0.403696 0.236978
842 0.395061 0.263183
843 0.233936 0.289349
844 0.136824 0.315471
845 0.24618 0.341545
846 0.465727 0.367568
847 0.571746 0.393536
848 0.471695 0.419444
849 0.311179 0.445289
850 0.305627 0.471068
851 0.491253 0.496775
852 0.683188 0.522407
853 0.689181 0.547961
854 0.531842 0.573432
855 0.422495 0.598817
856 0.516886 0.624112
857 0.735137 0.649313
858 0.854077 0.674416
859 0.765227 0.699417
860 0.600196 0.724313
861 0.578535 0.7491
862 0.753934 0.773774
863 0.952152 0.798332
864 0.972434 0.822769
865 0.819579 0.847083
866 0.698391 0.871269
867 0.776918 0.895324
868 0.992187 0.919243
869 1.12299 0.943025
870 1.04562 0.966664
871 0.876823 0.990158
872 0.838897 1.0135
873 1.00266 1.0367
874 1.20561 1.05973
875 1.23976 1.08261
876 1.09208 1.10532
877 0.959535 1.12787
878 1.02141 1.15024
879 1.23205 1.17245
880 1.37361 1.19448
881 1.30791 1.21632
882 1.13616 1.23799
883 1.08193 1.25947
884 1.23275 1.28075
885 1.43887 1.30185
886 1.4864 1.32275
887 1.34455 1.34345
888 1.20123 1.36395
889 1.2458 1.38424
890 1.4502 1.40432
891 1.60135 1.42419
892 1.5475 1.44385
893 1.37361 1.46329
894 1.30318 1.48251
895 1.43983 1.50151
896 1.64756 1.52028
897 1.70792 1.53882
898 1.57257 1.55713
899 1.41914 1.57521
900 1.44588 1.59304
901 1.6425 1.61064
902 1.80205 1.628
903 1.76015 1.64511
904 1.58501 1.66197
905 1.49859 1.67859
906 1.61999 1.69494
907 1.82778 1.71105
908 1.90038 1.7269
909 1.77217 1.74248
910 1.60938 1.75781
911 1.61791 1.77287
912 1.8053 1.78766
913 1.97203 1.80218
914 1.94214 1.81644
915 1.76666 1.83041
916 1.6646 1.84412
917 1.76978 1.85754
918 1.97613 1.87069
919 2.0603 1.88355
920 1.93987 1.89613
921 1.76859 1.90843
922 1.75867 1.92043
923 1.93546 1.93215
924 2.10813 1.94358
925 2.09028 1.95471
926 1.91542 1.96555
927 1.79821 1.97609
928 1.88634 1.98634
929 2.08977 1.99629
930 2.18484 2.00593
931 2.07279 2.01528
932 1.89396 2.02432
933 1.86552 2.03306
934 2.03045 2.04149
935 2.20783 2.04961
936 2.202 2.05742
937 2.02873 2.06493
938 1.89699 2.07212
939 1.96739 2.079
940 2.1665 2.08557
941 2.27174 2.09182
942 2.16868 2.09776
943 1.98332 2.10338
944 1.93644 2.10869
945 2.08836 2.11368
946 2.26923 2.11835
947 2.27536 2.1227
948 2.1047 2.12673
949 1.95918 2.13044
950 2.01132 2.13383
951 2.20476 2.1369
952 2.31943 2.13965
953 2.22595 2.14207
954 2.03518 2.14417
955 1.97009 2.14595
956 2.10797 2.14741
957 2.29112 2.14854
958 2.30913 2.14935
959 2.14211 2.14984
960 1.9837 2.15
961 2.01721 2.14984
962 2.20371 2.14935
963 2.32705 2.14854
964 2.24371 2.14741
965 2.04872 2.14595
966 1.96581 2.14417
967 2.08876 2.14207
968 2.27302 2.13965
969 2.30277 2.1369
970 2.14046 2.13383
971 1.97016 2.13044
972 1.98483 2.12673
973 2.16321 2.1227
974 2.29444 2.11835
975 2.22179 2.11368
976 2.02384 2.10869
977 1.92366 2.10338
978 2.03092 2.09776
979 2.21514 2.09182
980 2.25648 2.08557
981 2.09994 2.079
982 1.91887 2.07212
983 1.91465 2.06493
984 2.08383 2.05742
985 2.22217 2.04961
986 2.16072 2.04149
987 1.96112 2.03306
988 1.84437 2.02432
989 1.93534 2.01528
990 2.11841 2.00593
991 2.17116 1.99629
992 2.02146 1.98634
993 1.83086 1.97609
994 1.80786 1.96555
995 1.96685 1.95471
996 2.11152 1.94358
997 2.06175 1.93215
998 1.86188 1.92043
999 1.7294 1.90843
1000 1.80359 1.89613
1001 1.98447 1.88355
1002 2.0484 1.87069
1003 1.90661 1.85754
1004 1.70782 1.84412
1005 1.66631 1.83041
1006 1.81423 1.81644
1007 1.96443 1.80218
1008 1.9268 1.78766
1009 1.72806 1.77287
1010 1.58085 1.75781
1011 1.63794 1.74248
1012 1.81562 1.7269
1013 1.89048 1.71105
1014 1.75766 1.69494
1015 1.55209 1.67859
1016 1.49249 1.66197
1017 1.62857 1.64511
1018 1.78351 1.628
1019 1.75844 1.61064
1020 1.56227 1.59304
1021 1.40144 1.57521
1022 1.44124 1.55713
1023 1.61478 1.53882
